02136574
61573420
02416753
54071263
10465372
31524670
57612034
26314075
24750613
75403216
02746153
62754310
40623517
45763012
10576342
37051246
45610327
06452731
65217034
24305761
67503241
32604517
36574012
41253706
73514602
63750412
31047562
04163527
42635701
17430265
45712036
46372015
05142637
10647235
36714250
20176543
45360271
37650241
15732460
01352476
06257413
71306245
67413502
14620753
01543276
50237614
45136702
40673521
41365720
62341750
10634275
75261403
20134657
36052471
64753021
71234506
01243576
52607314
24603517
60317425
01347265
23601754
50736412
50216374
61253047
62540137
20716354
16704532
20734615
41270635
47301652
74532016
41375026
70345621
75624130
27465031
05137462
46032517
16740325
70541263
10237654
20571364
07652143
61072534
41206573
73265104
21407635
74621035
43705216
07245361
04762531
72034615
53124706
75340126
37614502
14672305
71206534
42605371
47235610
64132750
10624537
25316704
70531462
50746213
71042356
21560374
06413572
41203657
45306172
16230754
27364051
64527301
45203716
20356174
57201463
64320517
15026734
73160542
65437120
30216475
02145673
37541260
47310265
14350276
30462571
71405326
32567140
03546172
12640375
02561437
30572641
21604735
63250471
25364170
31240756
15063472
16372405
65742130
45723160
65304721
10476325
76540321
14362705
46031257
06217534
15046732
43026715
24301567
21437056
26751043
31426570
43612507
37501246
41036527
70541263
43516702
30516724
61034572
57401263
27534016
60314275
16245073
32460715
63754201
26503714
41025736
62307415
57243016
25340617
14506723
17403265
27615340
73516024
36450271
34261075
40567231
74601253
07524316
37420615
14635207
63015427
47605231
36175402
36402715
67205431
05137426
53271460
41650327
51324607
56120347
14732065
56431207
35670241
01627453
31425706
52760431
67135204
07642513
20536147
02436751
40361257
76410352
10537642
45276130
15640723
12654730
60537241
15273046
57612034
05467123
26471035
51026374
16043752
17432065
10546372
32756041
17403256
10463752
62731405
74506123
42301756
41725063
41360572
51023674
01576243
60243517
45063127
36745210
45362170
30762415
61247305
30452167
14673250
51234076
04375621
35071426
42376150
23607154
41627305
60543721
36250174
45617032
32014567
71245360
07352641
34175602
02675314
76135042
46170352
32145706
24730561
71043526
37216540
54263071
36201745
72461035
20431675
01432765
25631470
07642315
17435026
17643052
37465201
62431750
12605743
36142075
47532106
13052746
43261075
75602341
12657043
74532610
16703245
57630124
75462013
04165273
02371564
70423651
36512407
02745163
34651207
72135640
60427351
17420635
70216354
76412305
37046125
64021537
06724135
61340752
60237451
63702154
20136745
35127460
03241576
53217604
31056427
52740631
03175246
24675130
13052764
64703512
25710463
07354612
63124057
56203714
05123476
06524173
65471320
04261735
67415302
40356217
16435072
54702163
14035276
05461237
15076432
13704526
71362504
61375420
30512647
02741536
64251370
50261374
21746503
53061247
15473260
27406531
60721354
27014563
67541302
31265407
14025367
70243156
47126053
53167420
15462730
24530671
34167052
14607523
03426751
07152346
34072156
60214753
56430127
13065427
64107532
41073526
14530267
64103752
20615374
56041273
53601472
76523041
76340251
40613527
57643201
10372645
12045376
41570362
65204173
04231657
67234015
67052134
56470231
02467153
43065271
36425017
25341067
12075436
36502417
13472506
45073612
65031472
17325640
24603715
43170256
01745263
02415763
41302756
46735201
63412705
23154076
40127356
24713065
62431570
17263504
32576104
75340162
75620134
13460725
21354706
47563210
10742653
42715036
03764251
60531472
25731460
54731206
60271534
43627501
41532760
64215037
24715360
74632015
54176320
14263507
17523640
50216437
75213604
45271360
72135604
43012657
76203154
35274016
24375016
50176234
67513420
65314720
45123076
71630452
52607413
76153402
15302764
34176250
51247603
32504167
60724135
45617320
03152746
47132065
13652704
53214670
30546127
01756234
15364207
72031564
26745301
51376420
30271465
30762415
26450371
25376104
20173645
15346207
56213470
23470165
54160732
07253461
67503241
31265047
24675310
27061453
46251073
41376502
42067513
10342576
32651074
27314506
71264503
10526473
40216357
15326470
14572036
36150247
03156742
73241650
75361024
57416023
14670253
71362540
07643152
43026715
14350276
71654230
25163740
61750342
24753610
31524760
26170534
10654327
25467310
47325106
45270316
45601273
42615730
17653024
50742361
43701562
56014273
61537420
04312675
45761230
35140627
12457063
05614273
05416732
07523164
35072614
45763012
75126043
70436251
32617504
56471320
27016354
62074351
53746201
34610527
45201367
07643152
56324071
27413056
65304721
02376514
61743250
17204563
53471620
63514720
57123406
12675043
24307651
03176524
57260341
56024731
34657201
51237640
26751034
54062371
37024516
53274610
31064275
35260714
07452163
51620374
72630145
02376541
74065123
41307625
53102647
54603217
34726015
37251640
70342651
63701245
36072145
12704653
06573214
14025637
01375426
62501743
56714203
47260135
67401253
14237065
32410756
16032475
30214765
14725036
76235041
46071532
65231470
43261750
57061243
56072314
03264751
75630421
70215463
06521734
67302514
27306145
46731052
61704235
26375140
25431706
20536471
62057341
15347026
31260754
71650423
26037145
50216374
73650214
76053214
02735461
52067341
60425173
51307246
71540263
02613547
15264730
74501362
03264175
02465713
35076142
64125037
12645037
70246153
14502637
56714302
46017235
25410736
03516427
51437260
06531742
75126340
75463201
26517034
27345160
75641302
16470325
42105367
14062573
40723516
65024731
50673421
52764301
52173406
46207153
72013645
01524673
27340615
46325017
15206734
62014357
20573614
03462157
14720536
36745210
43172506
62135407
30215764
20654731
03745126
72306451
35064712
30126547
45173602
56274130
72361405
40267135
27351460
53412607
65137042
50326147
41375026
53246710
56132740
52174306
12756403
53742601
37156420
31065427
73650421
62751034
40527631
71305462
60243517
57312460
47302561
32514706
32476150
20367415
76425310
13046527
76051342
35146702
51234670
63057412
02314576
26047513
65704213
42370615
27301456
04327651
43612570
12540673
37201465
41362705
64037215
71062354
47150623
54673201
15306472
12075643
56721304
57203146
70153264
63214705
26041573
10237546
51624073
20465137
13720546
52714630
43016752
64053217
34572610
10432657
57623041
23415706
17420653
45637120
73042651
17364025
34571602
16527043
12756043
13706452
63027154
04123576
74613052
21057634
30217654
57312604
43765201
45207613
42037156
26503471
23541760
57132406
13705264
76402315
57041263
34561207
61504237
07561324
57246013
61352704
20637154
45107362
34175206
42310567
73021465
60253147
15406273
32167405
71426305
60724513
14750326
04372165
72415603
36241750
27013654
67152340
51064732
51027436
51463072
65374210
63142570
35026147
37416250
06127435
42630751
37146520
60372451
61453072
76530142
15463720
03147256
57436120
15320467
13502674
12307654
52463071
34627105
71435602
27416035
56421370
37145260
43571026
04531627
67145320
60375142
23760451
32450176
64710235
10356274
32510746
62750413
31206754
23075641
30467152
01543726
64071352
54216730
76523104
61207345
36051742
71205346
01743562
63751204
73542061
60475231
62735410
23701645
65340712
60712453
57062134
02364157
37452610
30541672
12307654
25046137
26357104
35401627
54107362
07453621
70642513
15370642
12463750
12563470
05462731
61205437
45213760
64213507
46713520
03247156
31507462
10734265
75213406
62375401
30415726
21645073
76325104
62713540
15370264
05123746
56743210
35042167
04275136
45071326
74120653
13540267
41305267
73215046
70165342
34561702
25013476
52016374
75421036
74025163
17234605
21750463
64732105
12306457
43217065
76234501
57630421
53072164
10627543
45360271
13452706
10537246
56432710
45126730
24156730
07342651
57136204
57410326
75021634
10637452
50647132
41723065
24371560
42305617
62350714
01564273
74623105
61042375
01462573
25174306
50714632
34702156
75413206
06271534
67540321
50421637
76102534
75103264
15643702
06732415
57603214
25746031
67534021
56340217
25147603
36710425
12745063
35740126
02146735
70435261
75106432
01245376
40571623
47135260
65371204
57403162
37046251
40372615
31702465
21354067
75120346
60412753
42035716
65024173
47612053
37412065
32170564
61573042
67352410
05632147
27103645
32041756
42503671
53207146
06325714
75631042
06731452
65023714
16345702
34705216
05632471
13274560
35407162
57612043
62504713
53271046
21754630
13056274
65340712
43725016
06125473
72451360
75230164
05214673
05713642
72043615
73652104
75240361
67450231
45617320
15724630
75632104
23476510
63150742
15063472
04217653
24751360
36052741
52710364
34762015
12657340
42671503
53014627
72501346
06574231
30675214
75416032
14065372
71563042
30264517
42350716
05367124
73102654
01326745
15074632
46317052
20371546
30642175
34027615
64503712
07523416
13056742
42573016
40651372
04632157
15402367
31602745
12750463
36524170
53460271
42037561
73620415
54710623
67312054
42073516
03756241
76021453
15607234
46570312
04726531
50172436
14750236
35670124
25173640
31704625
76420531
01452376
47016235
17352604
