610285374
057468123
062438157
280431756
470356281
630481275
782145063
652301487
518237640
235178460
057162483
620758341
028516473
130486257
057631842
016245378
827603451
815207643
176452083
345672081
123805647
740623518
840713562
063284517
728431065
250781346
856413720
128756430
351247068
837102564
710328564
437105826
135782640
026784531
362108574
850132467
714238056
438216570
187534260
472308516
176423085
460378215
658712340
760582134
452601873
621804375
736425180
817342560
824601537
347156028
726508314
045827631
427386150
738401265
283471056
328654017
120673584
815703426
760253814
785643210
058764123
612783540
346872510
546312780
830562714
053714862
623401785
017254683
382517064
437108256
350472861
536842017
614538027
345612078
528301764
453708126
672805134
417238065
137482650
258347061
361758420
172653048
361854720
021835647
826107543
851706234
046571283
572803164
758104632
826704351
416702853
124306785
678315042
642813750
350478162
426581370
160873245
415207386
816402753
760452813
