20637541
15703642
34072156
51746320
63017524
20754136
50673241
37154602
52061473
15643702
51026473
25163047
45703162
46071523
41732650
02476351
50172643
31025674
70615342
67053412
76315402
05261734
37640125
04572316
40657312
15072634
45016723
74502613
75361204
36125704
76410352
72501634
07431256
14367025
51746320
01453267
30471265
64573021
42671503
75136042
16350274
01735426
25406317
31406752
07156423
60215347
02175634
20134675
14273065
64132705
10346572
65731024
26154730
07614235
56402713
42301765
07235164
24173560
27654301
67425103
40715326
05247136
30241567
76352041
61270543
53460712
27103465
67541302
27410365
30162574
36741520
25743160
21540637
73045621
32741650
56273014
26750341
05342671
53247601
27601534
43102675
27631450
06157423
14065327
04267135
03164257
45203761
14350267
24130675
30274516
24706153
02476351
43710256
15237604
32547106
60341752
34061752
02613457
42513607
67205134
63417250
65720143
16302475
52671340
76350124
23704651
34026751
02375164
34705162
10427563
36752410
05641273
43650712
53124760
40215637
54760123
65173402
41503762
32501764
70631524
02346175
71246053
17302645
63425071
31246507
71264305
70163254
40632715
13647205
31254607
24536170
05627431
05276314
04267351
40572631
40732651
74260315
02145736
65102437
51432067
15407362
71624035
57431260
50164273
05726431
25734601
57462103
32076154
16372054
72506413
41035267
73542601
41250736
32156740
34652710
40713562
72540316
51642370
46730215
10542637
72053614
17062453
37152640
02763541
07563214
24130765
45276130
52064731
46123057
53267401
73206154
34750126
04652317
01372456
54726310
41075326
47601253
71305642
71543206
30165472
32471056
51473260
63725401
61534027
30476125
40265731
53620417
05267134
32045167
07542361
54206173
01347265
26357410
51270643
01427365
06175423
41732506
32471506
47215306
17563402
03475261
73104256
67241053
17062534
50276143
06345217
76215430
01647352
63215407
16375240
52136407
26341705
40152763
47031256
62013547
12053746
60471235
07164253
57416230
56743021
73152406
07365421
10472365
71425360
15204367
34260157
64253071
14527036
65721340
34517260
64052371
65310742
63157420
70342165
07431652
56374102
23165074
06532471
54021367
01623457
03126547
02675341
40512637
76025314
41036725
02146375
76502314
70635412
65140723
01267345
47610352
01754236
51672403
03476251
67024153
36741052
52173406
21450376
34601275
10437625
31042576
25703146
32671504
72304156
06327415
75406132
01425376
60451327
72601543
14502736
51760234
10275364
12403756
53276041
50437126
32467105
37154620
02714635
51276034
13075462
51340267
61342075
67124530
04631572
23704561
01654273
26540713
75210643
24367051
10762435
64370521
50316472
34625170
73120654
35620417
16725340
12735046
37201456
76013524
27530641
62730541
01753246
25617430
62413705
61307245
32571046
06257134
24673510
47230165
42135670
32401765
60514723
21460375
02457163
05142673
37650421
34756102
57602134
74063215
14630527
13260574
15476320
02571436
53120764
54610723
37651024
20314576
45132076
37106254
52037164
27465301
26045173
56427130
04631527
17536204
16250743
17236405
60412753
35207416
06573241
60573214
24630751
60317254
42053671
76213054
72306451
60135427
73214560
02341675
25341670
63051427
06432175
75306241
01534762
03712456
75460231
63470125
67524031
15407263
34210576
24560173
35762104
03625174
02457613
50674213
57301642
26743051
16327450
01372645
43156270
65420137
70263541
62354017
47306512
05342671
62453017
63510742
32175604
45021736
73561240
53627410
62105437
64715230
46071325
23174065
30712564
37462105
06143275
31746052
50123674
23056714
35420176
24167350
26314507
37645012
50612374
32671054
41602357
41623075
61423705
43256107
51067432
74513206
07361524
14035726
76320415
67543021
52174036
61750234
36457012
73062145
07561324
21374560
03165427
16457032
35016472
24703156
12065473
25761340
72153064
46215703
05273614
46031572
27046135
76412530
31672450
04152367
13450762
06352741
45137620
10643725
01765234
56270134
72540613
42061537
72365041
32176045
71564320
27513604
72035146
13265740
71435620
62175403
71520436
54173260
41607352
67512034
25760431
03574261
40712635
50172364
40523167
02537614
37124605
52046731
25641370
45760312
26170543
25403716
17425630
26137054
20536174
32601457
01237645
12043567
73524610
31524607
42761350
20567134
15620473
60124375
15703264
46023571
13625074
24507136
56327140
04531762
73264150
74523160
36204517
45260137
51620437
64715203
37502146
14305672
61703425
13706254
34706152
06241735
40517632
62417035
16753402
65102347
15264307
57461230
41023675
16754320
54760312
35641027
40371256
16524370
65274130
15723604
37410526
73462510
35471062
23465170
53612047
67120354
24371506
71302456
56271034
01543672
37614052
05314267
27163540
43702165
10756432
52467103
30417562
64023571
54137062
62147503
13642507
37452610
07263415
14573620
24107653
50731462
72301456
30475612
43027156
07423651
12760453
61527043
62103475
36754021
20174356
45063172
45673021
34270156
06132745
25701364
12376405
14275063
67301425
06251743
31427506
14263057
75641230
51264703
04263751
06731542
74650312
67501243
73015426
32145076
21543670
31546702
32065471
36154207
05721364
25431706
13604527
75401623
62547301
47601253
53462170
31407526
31570624
17452063
67321540
64723501
36472051
01746325
61403752
25740613
13427605
47623015
16532740
61420753
64512370
63450721
75412603
36725401
13426570
40167532
30652174
31027645
31260745
01675234
72530614
53216047
05273641
73260541
15260734
25367104
34761250
27643051
27365410
30427561
72645031
23410675
21530476
20463571
24157063
53426701
52740136
15743206
07165342
47103265
15730246
27143560
71326045
05372614
06547123
57042613
47531062
07632415
35670214
71024563
56427310
04623517
64073215
42057316
46125307
54137602
36502174
70513264
25710643
64352701
57342610
41036275
10367452
24506173
37452610
36754201
05642173
03416572
10534276
70512346
57314206
67032514
60547213
65042713
10763425
73415062
62351407
21750364
71246530
40765321
12356407
25173406
02317546
72435601
32516407
56104273
31670245
76215034
17352460
20135467
03576124
47360251
43276105
23507146
72534160
47261035
62375104
15340276
74021635
23765104
03765241
62475130
75023461
65740231
42701356
17602345
01562734
74256103
04716523
73402615
12047563
34126075
24360175
76415230
10457236
24561307
63412705
41076325
54312067
73602541
45731026
57360214
74560231
24163057
56170342
35072614
04613572
21067435
16273054
27310654
41576302
24715360
61435027
24075136
45762301
47105263
63150427
50123746
70125643
06743152
60527431
14730562
43175026
13760245
05176342
41356072
47236150
75316042
72145306
40652137
46752031
53460271
21357406
43652710
23154067
54712630
23071456
02753146
47026135
34016275
23174065
02476531
62530714
30614275
54263107
70321546
64207135
16503427
26135704
06427531
53124067
45312067
32067514
14053762
51372604
12634075
75124360
72305461
52471360
47306512
35102746
74312650
64732105
31524670
56324071
64703512
47261305
50217463
37540162
26413750
35670214
05314726
32564017
43260157
12674053
37520416
45073612
23746510
23471560
15702436
20173465
03427516
27531604
15073264
46713502
16345207
43672105
61532407
16374250
64573201
15746032
15203764
41073526
23671450
14372560
46703512
23105746
72540631
47162530
57214603
24705163
52347601
12504637
23017645
01734256
13705426
71520634
17046235
17632045
40235176
05342617
24031756
26450731
67321054
25603174
30145267
63751042
43762150
75324601
52163074
15627304
03147526
07652143
24163507
27061543
52630147
21765043
30572461
60732145
74360521
52706314
37401625
64037521
62015374
64503721
70264153
23640157
62047531
41527630
53670421
67201453
01475263
52613704
61324750
65214370
53702146
70146352
73624150
64735021
06541273
36241507
36574021
10236457
72135460
64520173
51423607
32510467
63721540
17605234
52073146
53472061
42563071
53761402
27306415
72153046
63041572
62301457
53216407
21074365
37460521
27364150
03467512
76420315
10524763
60743215
72105463
72630514
32517046
43527160
75142063
23467051
40263715
71654230
26157430
71502643
50346217
14036572
71625304
21573046
61402735
70563124
04721365
50471326
41620537
10345726
47321506
52631704
27630154
62731054
17246305
61507432
65421703
51760342
54206317
45027316
25167034
65317024
25304176
12637540
56043217
23465710
05432617
65301742
67130425
46057132
57320164
42173560
21350746
07256341
24375061
63742105
35402761
25743061
60457123
35271640
36102475
36405172
61250473
50312746
32146057
51467230
63451027
30164752
25071643
51637204
56342710
21605473
20415763
67521034
52314706
05642173
57420316
43517260
73456021
70265143
42716035
54167230
07315462
52143670
25043617
60472513
51074623
50437612
75264013
62534017
20534167
40621735
40513267
42731056
60371452
01265374
37652041
70265143
07415326
60372145
51367240
24105763
10524673
64015372
72351604
01357624
75436021
50243716
70253416
15406273
75641023
61304752
06734512
54210376
04367125
31460725
45670312
42037615
51032467
50672143
71560324
70354621
75361042
15762340
06534271
64273051
40725136
17302564
06423175
67102435
34605721
37415206
23751604
76342150
05432617
05746213
45173026
01754326
13542076
54162730
06417325
56407132
24751360
15463207
36057124
74103526
31602754
32047651
04517263
64023715
26750431
02364715
51743062
57640321
12546730
12604753
67024351
12035467
43210567
70563214
12603754
76140253
52401376
04251376
41576032
02741536
54261370
24731605
53072416
71264035
20543617
46752013
26751034
25430671
17306542
10374562
17465203
03215674
64521073
01345276
45673021
64720315
63012457
25706341
51763042
60127453
21564073
60341275
63501274
25163407
41563207
34152706
76235401
06742513
62704153
21534067
15370624
36701245
31627405
06143527
23401756
34607125
75216403
71652340
26530714
56147023
12746350
64321507
41075362
27164530
62430571
35706241
46325071
32015764
54602317
24351706
57361042
51632704
12436075
60723541
43160572
67034251
41067235
31472056
67013425
41732065
50647231
23604157
60275134
42615307
56237410
04231765
30256417
27465031
73024156
05236417
04627513
42015736
41053627
31476052
07432516
37206451
27543061
30245671
50426317
42361507
12345760
30567421
27045631
37406512
46025713
31250476
02513647
45207631
50471632
40173265
42517603
23150476
37124560
64021357
52347106
34107526
31245067
70146235
10746325
45271306
62514730
75402631
17632054
63150472
16754203
15742036
50241736
03125764
50276431
04625173
52136047
15327604
12503647
40637215
15362470
21460753
30756142
57321406
51327406
76412305
17634250
45371062
40213576
52340761
17256304
62035714
57143206
03467512
67452103
26413705
76420531
07465321
41527036
31726504
12570643
25760134
67312504
42560317
45271603
30654127
01463572
46375021
01372456
74365201
05173264
65140327
31572064
24036715
46725013
57140326
03764521
34507162
21564703
24017563
06174352
75641320
05316472
46031725
15472630
30617542
76351240
14632075
56123407
02476531
42150763
12645307
57164032
31706542
26017534
06245713
52417036
42673015
42365170
40367152
60314527
63241057
02147563
74365102
15476032
46017532
12045673
17260345
14657023
37056421
21760543
41603572
21546370
05631427
63705412
46152370
71432065
32710456
13756204
61354702
23540671
27451603
41760352
17460532
31647502
52703416
41762350
07146253
43102657
21340567
25371640
53206741
54321670
70245613
03516274
20743156
61540273
70634125
61023475
75624301
50327146
42130576
53602471
01635742
16234750
61720345
35264701
45671230
52634071
31472065
51743602
35421607
61237045
64073215
12763450
70256341
63475120
40756213
62407315
32017456
67132045
01375426
65174230
53107624
53104762
61405237
70153462
62357014
64270315
63105472
26405371
64271350
32674051
05276413
27105364
01736254
14063572
37254160
45712630
56427301
05736412
57130246
46213507
32457160
30517264
64715302
26540317
20547631
40531672
23617054
76304512
76213405
71236450
71256304
62143057
42501376
16435027
42713650
23046157
76251034
41023765
31752406
42067153
03215647
70361254
32145706
41605327
01572463
45103672
71204653
60213745
47301265
51607432
15306427
57461230
04653127
14032765
17563420
57264310
10635724
70412536
51402673
04375126
02731564
54730126
24305176
72450613
24073651
42375160
01563742
05643217
15274630
75304261
40517623
74316520
65041273
01642375
42756301
75610432
25364701
56147023
51723460
27346150
27540631
72601453
53721604
15730426
30215674
53027416
01743562
42365701
30475162
71450362
26017435
12436705
25340167
03567124
20653417
26754310
70436521
73025416
57320146
41720356
65437120
75612043
45207361
20463517
47625301
06731524
40763251
72510436
36102547
14725603
75346120
30624715
62145037
75316042
56204731
21756403
02651743
06341275
25714630
37026451
16543270
47615230
03172654
17503246
74056132
20463517
36452017
52461307
62035471
62315740
72345106
76023415
67214350
30126754
45317602
51032647
71350264
24617503
12064573
73621450
21507364
56402137
10675432
75406321
47216305
53261470
16754320
54203716
05736421
41265307
47026153
72430516
65134270
45302176
67532041
23061547
27546301
12306457
75201346
25063147
65712034
74250631
03275164
61470523
34270156
32014657
76051432
31406275
15462370
53064271
13625470
47562130
71203645
21370645
51702364
03476125
14530267
56123047
54076213
12073465
07214536
57162304
05432167
73012645
12053467
50316274
56372041
57214063
41206573
63054721
42103675
02743165
03417265
37051624
57410263
16523047
53271406
01365742
13405627
14053726
76504312
34160752
64372051
34527061
40256713
01523476
46501732
32701564
54367210
13476502
57164230
54732106
13260547
64072135
76024513
62074513
70315642
53416720
70361254
60451723
76541023
20475316
64021375
36571420
01634752
27165034
35460712
57214306
54732061
10432756
70412356
30671245
53074126
34107625
63520714
43127650
62473015
46271305
07412356
34715260
35714026
16250473
01547362
04167523
34051726
32701654
14532706
30451726
27604351
40513762
37061524
30627514
24651073
70613254
04327156
23057641
10732654
64023751
35172604
56234170
64370125
40127635
23407165
25170634
06713452
42301765
35420617
06237514
25047316
45670213
40173526
56123704
41762530
53217064
56120374
36504217
67513204
37601425
70346125
41256073
57326104
50634217
62430157
20617453
23615704
73412560
43016725
04526731
31645720
74036152
02571364
74250136
14653072
67302154
40265713
06234175
34765210
10674235
21347605
13475026
67425031
26504317
46125703
14506723
24175306
01567423
26034751
52403167
20761345
51432760
04135672
10672345
74360152
71230654
45367021
57362401
70632415
57260413
51370426
35140276
61750432
76032154
06123754
56710324
50217643
41037265
13540762
05243761
34712605
04623751
45706312
62134507
14763052
25317640
10256437
50273641
51607342
64372051
71632054
57102346
01634725
01753264
63142057
67542013
46371205
06372451
67540213
42576310
50347612
36014752
42167350
32467501
47203651
37156402
34710526
50413627
74062351
30614257
07213654
45736021
53267041
76235140
53014762
75012463
14735206
61740235
31240675
26075431
62735041
42510736
52674310
53102467
50671423
72653401
62301547
20143657
60351742
24156073
51673240
67320415
35214760
34062715
25063714
70432561
34270651
26473510
45067132
42017653
13075624
35704162
73506142
42563107
57620314
10375246
30465721
26734501
13056724
43056172
42601573
61035274
67410325
73021546
31264075
04153726
37610245
23104756
04231765
35764021
47612053
04631275
50324716
67304512
71523406
73152460
26751403
53172640
46015327
17435062
42016735
56412037
67031425
62735140
43620157
70234156
21046753
57316402
03615247
47235061
74521063
42370165
27365401
05362714
40735612
56230471
53246710
25647103
23601547
04512376
30217546
27536140
21504637
32067514
10672534
12476530
01364527
53420716
45103276
46325170
27415306
14652037
23745160
74605312
53642071
76245130
26305417
35762104
67240135
42610375
06412753
71350642
23751604
31674520
12675403
14273506
02164735
52316047
47031562
16503724
45036217
05641237
64153207
45673201
65704321
10365724
03472516
62701354
30426517
24351670
40726513
65704123
34526170
15076234
70156243
21064357
23570146
46713052
04573126
25410673
64530127
56243071
74125036
62570314
35107642
23170564
71340562
20365714
31456720
13427056
62513407
26340571
71420563
03267514
07134562
26014375
41672053
27501463
27361045
01623475
64175302
26054137
20365741
10563742
36047521
65014273
10256347
50761243
72510346
43061275
37452160
53167420
67142053
75603421
47135602
42610573
23105746
57431026
23604157
04615732
51026734
15326740
32740516
14362750
62547031
35402716
32047516
10463527
54130267
14630257
15036247
47162530
65740123
20645173
30721564
51706342
10526374
15067423
52130764
32705461
10632574
04167532
13560274
47625130
26340517
72063415
07365214
05341276
35764021
56217430
47160253
42530176
17602453
74631052
35674012
52437601
21470356
65742130
32106574
36145207
13062745
16375402
10245376
64725103
53047162
35760412
73164052
01372654
51420736
74356201
15724306
21403657
40726351
32167045
41305267
17362450
25061743
75012364
21365074
26750134
26741530
54607312
62574130
05723416
25014763
23041576
65314027
50672431
16247350
67421350
16704532
15064732
50174236
05632174
75140623
50341672
60275413
47205136
04623157
60572341
25473016
52376401
75243160
16572304
01564372
31740652
21573064
67312540
70234156
17260435
17236450
50631247
04362157
42730651
15702436
06412537
01526347
42053176
04673521
52410763
51623470
24067153
61570243
62713504
12647503
31657420
21574063
70216435
10736524
21736054
20315746
42675130
32564710
17640235
46327105
45613207
51673402
57602413
67415230
61345702
37145026
23075416
30672541
07341526
54623107
14736502
73024165
62135047
16234570
65472031
06743521
46571023
21403657
20617435
42763510
63207541
74305612
64107523
26017543
37602415
25301476
41076253
16207345
14675023
52146037
57206431
12457630
70643512
25701463
74213560
72410563
17235064
50367142
62134075
70524631
46172305
67251043
03125476
75213604
20541673
57412630
10362745
65312704
71325460
24715603
25016374
64712305
21570634
04157263
32075641
65420731
17053264
15327640
17654302
47360125
35741602
74310562
37526401
61470253
37012456
64710532
63124507
60215734
05327416
02675341
47650312
32516470
31560427
57016342
31640572
73541026
06725314
73420516
52137460
56210743
40365172
10325746
27604135
23504671
61325407
30617245
37420516
54302176
36251740
14267305
35047126
26503174
12645703
63471250
15042376
61253740
23467501
37046215
